3f800000
3f800000
3f800000
3f800000
3f800000
3f800000
3f800000
3f800000
3f800000
3f800000
3f800000
3f800000
3f800000
3f800000
3f800000
3f800000
3f800000
40000000
40000000
40000000
40000000
40000000
40000000
40000000
40000000
40000000
40000000
40000000
40000000
40000000
40000000
40000000
40000000
40000000
40000000
40000000
40000000
40000000
40000000
40000000
40000000
40000000
40000000
40000000
40000000
40000000
40000000
40000000
40400000
40000000
40000000
40000000
40000000
40000000
40000000
40000000
40000000
40000000
40000000
40000000
40000000
40000000
40000000
40000000
40800000
40000000
40000000
40000000
40000000
40000000
40000000
40000000
40000000
40000000
40000000
40000000
40000000
40000000
40000000
40000000
